0.154	1.3	2990	0.12	5.2	1	0.75	Proxima Cen
0.6	3.5	4000	0.63	4.2	0.6	0.7	61 Cygni
0.67	3.5	4500	0.70	4.4	1	1	
1.2	1.3	5790	1.08	4.3	1	1
0.86	1.3	5260	0.91	4.4	1.5	0.75	α Cen
2.0	3.5	6530	1.50	3.96	2.2	1.2	Procyon
0.012	3.5	7740	0.6	8.0	2.5	1.2	Procyon B
1.8	5.1	7500	1.9	4.3	0.55	1	Altair
1.7	2.7	9940	2.05	4.33	1.9	0.8	Sirius
0.0085	2.7	25000	1.01	8.57	2.1	0.8	Sirius B
2.36	7.7	9600	2.1	4.1	1.7	1	Vega
8.4	43	12700	6.0	3.0	2.5 	0.95	Achernar
7.5	77	25000	11	3.7	1	1
3.5	77	22000	7	4.1	1.5	1.3	Spica	
75	90	7400	8	1.7	1	0.8	Canopus
37	120	6000	5.4	2.2	1	1.3	Polaris
680 	170	3700	11	-0.2	0.9 	1.3	Antares
800	150	3600	17	-0.5	0.6	0.8	Betelgeuse
45	20	3900	1.2	1.45	2.7	1	Aldebaran
80	260	12100	20	1.75	1	1.4	Rigel
200	800	8500	20	1.1	1	0.75	Deneb
11	25	4300	1.1	1.7	0.45	1	Arcturus
